11 0.5328125 0.2171875 0.130859375 0.241015625
11 0.578125 0.4328125 0.14296875 0.219140625
11 0.5484375 0.4234375 0.109765625 0.219140625
11 0.49375 0.62890625 0.128515625 0.242578125
11 0.6203125 0.62734375 0.13359375 0.241796875
11 0.5921875 0.63046875 0.115625 0.2359375
11 0.421875 0.63046875 0.112109375 0.241796875
11 0.44453125 0.946875 0.125 0.105859375
11 0.6234375 0.94765625 0.128125 0.1046875
11 0.54765625 0.94765625 0.086328125 0.1046875
11 0.39609375 0.6296875 0.089453125 0.234765625